2023/05/22 11:57:03.822155 initBuckets map[0:[0 115792089237316195423570985008687907853269984665640564039457584007913129639936]]
2023/05/22 11:57:03.822226 New Buckets 0:  Leader: 0, [0,115792089237316195423570985008687907853269984665640564039457584007913129639936)
2023/05/22 11:57:03.824486 main Preparing requests...
2023/05/22 11:57:03.824646 makeRequest CREATING 0
2023/05/22 11:57:03.824741 makeRequest CREATING 1
2023/05/22 11:57:03.824825 makeRequest CREATING 2
2023/05/22 11:57:03.824901 makeRequest CREATING 3
2023/05/22 11:57:03.824976 makeRequest CREATING 4
2023/05/22 11:57:03.825073 makeRequest CREATING 5
2023/05/22 11:57:03.825161 makeRequest CREATING 6
2023/05/22 11:57:03.825246 makeRequest CREATING 7
2023/05/22 11:57:03.825323 makeRequest CREATING 8
2023/05/22 11:57:03.825398 makeRequest CREATING 9
2023/05/22 11:57:03.825477 makeRequest CREATING 10
2023/05/22 11:57:03.825553 makeRequest CREATING 11
2023/05/22 11:57:03.825634 makeRequest CREATING 12
2023/05/22 11:57:03.825712 makeRequest CREATING 13
2023/05/22 11:57:03.825814 makeRequest CREATING 14
2023/05/22 11:57:03.825896 makeRequest CREATING 15
2023/05/22 11:57:03.825989 makeRequest CREATING 16
2023/05/22 11:57:03.826078 makeRequest CREATING 17
2023/05/22 11:57:03.826159 makeRequest CREATING 18
2023/05/22 11:57:03.826252 makeRequest CREATING 19
2023/05/22 11:57:03.826335 makeRequest CREATING 20
2023/05/22 11:57:03.826412 makeRequest CREATING 21
2023/05/22 11:57:03.826487 makeRequest CREATING 22
2023/05/22 11:57:03.826573 makeRequest CREATING 23
2023/05/22 11:57:03.826649 makeRequest CREATING 24
2023/05/22 11:57:03.826734 makeRequest CREATING 25
2023/05/22 11:57:03.826810 makeRequest CREATING 26
2023/05/22 11:57:03.826890 makeRequest CREATING 27
2023/05/22 11:57:03.826979 makeRequest CREATING 28
2023/05/22 11:57:03.827055 makeRequest CREATING 29
2023/05/22 11:57:03.827129 makeRequest CREATING 30
2023/05/22 11:57:03.827206 makeRequest CREATING 31
2023/05/22 11:57:03.827294 makeRequest CREATING 32
2023/05/22 11:57:03.827370 makeRequest CREATING 33
2023/05/22 11:57:03.827459 makeRequest CREATING 34
2023/05/22 11:57:03.827537 makeRequest CREATING 35
2023/05/22 11:57:03.827617 makeRequest CREATING 36
2023/05/22 11:57:03.827691 makeRequest CREATING 37
2023/05/22 11:57:03.827772 makeRequest CREATING 38
2023/05/22 11:57:03.827849 makeRequest CREATING 39
2023/05/22 11:57:03.827927 makeRequest CREATING 40
2023/05/22 11:57:03.828006 makeRequest CREATING 41
2023/05/22 11:57:03.828098 makeRequest CREATING 42
2023/05/22 11:57:03.828173 makeRequest CREATING 43
2023/05/22 11:57:03.828248 makeRequest CREATING 44
2023/05/22 11:57:03.828336 makeRequest CREATING 45
2023/05/22 11:57:03.828410 makeRequest CREATING 46
2023/05/22 11:57:03.828490 makeRequest CREATING 47
2023/05/22 11:57:03.828574 makeRequest CREATING 48
2023/05/22 11:57:03.828655 makeRequest CREATING 49
2023/05/22 11:57:03.828740 makeRequest CREATING 50
2023/05/22 11:57:03.828817 makeRequest CREATING 51
2023/05/22 11:57:03.828894 makeRequest CREATING 52
2023/05/22 11:57:03.828971 makeRequest CREATING 53
2023/05/22 11:57:03.829054 makeRequest CREATING 54
2023/05/22 11:57:03.829142 makeRequest CREATING 55
2023/05/22 11:57:03.829229 makeRequest CREATING 56
2023/05/22 11:57:03.829311 makeRequest CREATING 57
2023/05/22 11:57:03.829388 makeRequest CREATING 58
2023/05/22 11:57:03.829483 makeRequest CREATING 59
2023/05/22 11:57:03.829559 makeRequest CREATING 60
2023/05/22 11:57:03.829639 makeRequest CREATING 61
2023/05/22 11:57:03.829727 makeRequest CREATING 62
2023/05/22 11:57:03.829812 makeRequest CREATING 63
2023/05/22 11:57:03.829889 makeRequest CREATING 64
2023/05/22 11:57:03.829974 makeRequest CREATING 65
2023/05/22 11:57:03.830058 makeRequest CREATING 66
2023/05/22 11:57:03.830132 makeRequest CREATING 67
2023/05/22 11:57:03.830241 makeRequest CREATING 68
2023/05/22 11:57:03.830322 makeRequest CREATING 69
2023/05/22 11:57:03.830408 makeRequest CREATING 70
2023/05/22 11:57:03.830504 makeRequest CREATING 71
2023/05/22 11:57:03.830588 makeRequest CREATING 72
2023/05/22 11:57:03.830676 makeRequest CREATING 73
2023/05/22 11:57:03.830768 makeRequest CREATING 74
2023/05/22 11:57:03.831071 makeRequest CREATING 75
2023/05/22 11:57:03.831154 makeRequest CREATING 76
2023/05/22 11:57:03.831240 makeRequest CREATING 77
2023/05/22 11:57:03.831314 makeRequest CREATING 78
2023/05/22 11:57:03.831399 makeRequest CREATING 79
2023/05/22 11:57:03.831476 makeRequest CREATING 80
2023/05/22 11:57:03.831561 makeRequest CREATING 81
2023/05/22 11:57:03.831647 makeRequest CREATING 82
2023/05/22 11:57:03.831729 makeRequest CREATING 83
2023/05/22 11:57:03.831825 makeRequest CREATING 84
2023/05/22 11:57:03.831911 makeRequest CREATING 85
2023/05/22 11:57:03.831989 makeRequest CREATING 86
2023/05/22 11:57:03.832067 makeRequest CREATING 87
2023/05/22 11:57:03.832148 makeRequest CREATING 88
2023/05/22 11:57:03.832223 makeRequest CREATING 89
2023/05/22 11:57:03.832307 makeRequest CREATING 90
2023/05/22 11:57:03.832390 makeRequest CREATING 91
2023/05/22 11:57:03.832473 makeRequest CREATING 92
2023/05/22 11:57:03.832565 makeRequest CREATING 93
2023/05/22 11:57:03.832648 makeRequest CREATING 94
2023/05/22 11:57:03.832732 makeRequest CREATING 95
2023/05/22 11:57:03.832811 makeRequest CREATING 96
2023/05/22 11:57:03.832887 makeRequest CREATING 97
2023/05/22 11:57:03.832973 makeRequest CREATING 98
2023/05/22 11:57:03.833056 makeRequest CREATING 99
